{
  "nbformat": 4,
  "nbformat_minor": 0,
  "metadata": {
    "colab": {
      "name": "Copy of Linear regression tips.ipynb",
      "provenance": [],
      "collapsed_sections": [],
      "include_colab_link": true
    },
    "kernelspec": {
      "name": "python3",
      "display_name": "Python 3"
    }
  },
  "cells": [
    {
      "cell_type": "markdown",
      "metadata": {
        "id": "view-in-github",
        "colab_type": "text"
      },
      "source": [
        "<a href=\"https://colab.research.google.com/github/kahuroA/Descriptive-Statistics-Excercises/blob/main/Copy_of_Linear_regression_tips.ipynb\" target=\"_parent\"><img src=\"https://colab.research.google.com/assets/colab-badge.svg\" alt=\"Open In Colab\"/></a>"
      ]
    },
    {
      "cell_type": "markdown",
      "metadata": {
        "id": "oxXI2w6xSCxt"
      },
      "source": [
        "# Example: Detecting multicollinearity\n",
        "\n",
        "We will once again use our university admission [dataset](https://drive.google.com/file/d/13HPgfc4HP9UP-gHM2lutJ7MXSt-dAL1d/view)\n",
        "\n",
        "First, let's understand how our independent variables are correlated to each other"
      ]
    },
    {
      "cell_type": "code",
      "metadata": {
        "id": "3myU4PcKSB9V",
        "colab": {
          "base_uri": "https://localhost:8080/",
          "height": 266
        },
        "outputId": "edd5ef18-3ac0-4e97-f42e-3c49571da78e"
      },
      "source": [
        "import numpy as np\n",
        "import pandas as pd\n",
        "\n",
        "# Load the dataset\n",
        "data = pd.read_csv('uni_admission.csv')\n",
        "\n",
        "# Remove the serial and admit chance columns, we want to focus on our independent variables only.\n",
        "independent_only = data.drop(columns=['Serial No.', 'admit_chance'])\n",
        "\n",
        "# Let's display the correlations between the variables\n",
        "correlations = independent_only.corr()\n",
        "\n",
        "correlations"
      ],
      "execution_count": 1,
      "outputs": [
        {
          "output_type": "execute_result",
          "data": {
            "text/html": [
              "<div>\n",
              "<style scoped>\n",
              "    .dataframe tbody tr th:only-of-type {\n",
              "        vertical-align: middle;\n",
              "    }\n",
              "\n",
              "    .dataframe tbody tr th {\n",
              "        vertical-align: top;\n",
              "    }\n",
              "\n",
              "    .dataframe thead th {\n",
              "        text-align: right;\n",
              "    }\n",
              "</style>\n",
              "<table border=\"1\" class=\"dataframe\">\n",
              "  <thead>\n",
              "    <tr style=\"text-align: right;\">\n",
              "      <th></th>\n",
              "      <th>GRE</th>\n",
              "      <th>TOEFL</th>\n",
              "      <th>uni_rating</th>\n",
              "      <th>SOP</th>\n",
              "      <th>LOR</th>\n",
              "      <th>CGPA</th>\n",
              "      <th>publications</th>\n",
              "    </tr>\n",
              "  </thead>\n",
              "  <tbody>\n",
              "    <tr>\n",
              "      <th>GRE</th>\n",
              "      <td>1.000000</td>\n",
              "      <td>0.827200</td>\n",
              "      <td>0.635376</td>\n",
              "      <td>0.613498</td>\n",
              "      <td>0.524679</td>\n",
              "      <td>0.825878</td>\n",
              "      <td>0.563398</td>\n",
              "    </tr>\n",
              "    <tr>\n",
              "      <th>TOEFL</th>\n",
              "      <td>0.827200</td>\n",
              "      <td>1.000000</td>\n",
              "      <td>0.649799</td>\n",
              "      <td>0.644410</td>\n",
              "      <td>0.541563</td>\n",
              "      <td>0.810574</td>\n",
              "      <td>0.467012</td>\n",
              "    </tr>\n",
              "    <tr>\n",
              "      <th>uni_rating</th>\n",
              "      <td>0.635376</td>\n",
              "      <td>0.649799</td>\n",
              "      <td>1.000000</td>\n",
              "      <td>0.728024</td>\n",
              "      <td>0.608651</td>\n",
              "      <td>0.705254</td>\n",
              "      <td>0.427047</td>\n",
              "    </tr>\n",
              "    <tr>\n",
              "      <th>SOP</th>\n",
              "      <td>0.613498</td>\n",
              "      <td>0.644410</td>\n",
              "      <td>0.728024</td>\n",
              "      <td>1.000000</td>\n",
              "      <td>0.663707</td>\n",
              "      <td>0.712154</td>\n",
              "      <td>0.408116</td>\n",
              "    </tr>\n",
              "    <tr>\n",
              "      <th>LOR</th>\n",
              "      <td>0.524679</td>\n",
              "      <td>0.541563</td>\n",
              "      <td>0.608651</td>\n",
              "      <td>0.663707</td>\n",
              "      <td>1.000000</td>\n",
              "      <td>0.637469</td>\n",
              "      <td>0.372526</td>\n",
              "    </tr>\n",
              "    <tr>\n",
              "      <th>CGPA</th>\n",
              "      <td>0.825878</td>\n",
              "      <td>0.810574</td>\n",
              "      <td>0.705254</td>\n",
              "      <td>0.712154</td>\n",
              "      <td>0.637469</td>\n",
              "      <td>1.000000</td>\n",
              "      <td>0.501311</td>\n",
              "    </tr>\n",
              "    <tr>\n",
              "      <th>publications</th>\n",
              "      <td>0.563398</td>\n",
              "      <td>0.467012</td>\n",
              "      <td>0.427047</td>\n",
              "      <td>0.408116</td>\n",
              "      <td>0.372526</td>\n",
              "      <td>0.501311</td>\n",
              "      <td>1.000000</td>\n",
              "    </tr>\n",
              "  </tbody>\n",
              "</table>\n",
              "</div>"
            ],
            "text/plain": [
              "                   GRE     TOEFL  uni_rating  ...       LOR      CGPA  publications\n",
              "GRE           1.000000  0.827200    0.635376  ...  0.524679  0.825878      0.563398\n",
              "TOEFL         0.827200  1.000000    0.649799  ...  0.541563  0.810574      0.467012\n",
              "uni_rating    0.635376  0.649799    1.000000  ...  0.608651  0.705254      0.427047\n",
              "SOP           0.613498  0.644410    0.728024  ...  0.663707  0.712154      0.408116\n",
              "LOR           0.524679  0.541563    0.608651  ...  1.000000  0.637469      0.372526\n",
              "CGPA          0.825878  0.810574    0.705254  ...  0.637469  1.000000      0.501311\n",
              "publications  0.563398  0.467012    0.427047  ...  0.372526  0.501311      1.000000\n",
              "\n",
              "[7 rows x 7 columns]"
            ]
          },
          "metadata": {},
          "execution_count": 1
        }
      ]
    },
    {
      "cell_type": "code",
      "metadata": {
        "colab": {
          "base_uri": "https://localhost:8080/"
        },
        "id": "axQ4KbAfCX9W",
        "outputId": "28f820bd-b8b9-4e5e-b27d-8bfc38c682e0"
      },
      "source": [
        "correlations.values"
      ],
      "execution_count": 2,
      "outputs": [
        {
          "output_type": "execute_result",
          "data": {
            "text/plain": [
              "array([[1.        , 0.8272004 , 0.63537621, 0.61349767, 0.52467939,\n",
              "        0.82587795, 0.56339812],\n",
              "       [0.8272004 , 1.        , 0.6497992 , 0.64441039, 0.5415633 ,\n",
              "        0.81057354, 0.46701206],\n",
              "       [0.63537621, 0.6497992 , 1.        , 0.72802357, 0.60865071,\n",
              "        0.70525435, 0.42704745],\n",
              "       [0.61349767, 0.64441039, 0.72802357, 1.        , 0.66370685,\n",
              "        0.71215432, 0.40811585],\n",
              "       [0.52467939, 0.5415633 , 0.60865071, 0.66370685, 1.        ,\n",
              "        0.63746921, 0.3725256 ],\n",
              "       [0.82587795, 0.81057354, 0.70525435, 0.71215432, 0.63746921,\n",
              "        1.        , 0.501311  ],\n",
              "       [0.56339812, 0.46701206, 0.42704745, 0.40811585, 0.3725256 ,\n",
              "        0.501311  , 1.        ]])"
            ]
          },
          "metadata": {},
          "execution_count": 2
        }
      ]
    },
    {
      "cell_type": "markdown",
      "metadata": {
        "id": "l3mXiNPXcMeF"
      },
      "source": [
        "The tabe above shows us how each variable relates to another. The coefficient of 1 across the diagonal makes sense, as a variable is perfectly correlated to itself. Let's use these correlations to compute the VIF score for each variable. This will require a little bit of linear algebra, but the approach is straightforward: we create a new dataframe with the *inverse* of the matrix above."
      ]
    },
    {
      "cell_type": "code",
      "metadata": {
        "id": "Q_L2Glx4UJjW",
        "colab": {
          "base_uri": "https://localhost:8080/",
          "height": 254
        },
        "outputId": "d10406df-158c-485c-bec7-3e20b4f9724f"
      },
      "source": [
        "pd.DataFrame(np.linalg.inv(correlations.values), index = correlations.index, columns=correlations.columns)\n"
      ],
      "execution_count": null,
      "outputs": [
        {
          "output_type": "execute_result",
          "data": {
            "text/html": [
              "<div>\n",
              "<style scoped>\n",
              "    .dataframe tbody tr th:only-of-type {\n",
              "        vertical-align: middle;\n",
              "    }\n",
              "\n",
              "    .dataframe tbody tr th {\n",
              "        vertical-align: top;\n",
              "    }\n",
              "\n",
              "    .dataframe thead th {\n",
              "        text-align: right;\n",
              "    }\n",
              "</style>\n",
              "<table border=\"1\" class=\"dataframe\">\n",
              "  <thead>\n",
              "    <tr style=\"text-align: right;\">\n",
              "      <th></th>\n",
              "      <th>GRE</th>\n",
              "      <th>TOEFL</th>\n",
              "      <th>uni_rating</th>\n",
              "      <th>SOP</th>\n",
              "      <th>LOR</th>\n",
              "      <th>CGPA</th>\n",
              "      <th>publications</th>\n",
              "    </tr>\n",
              "  </thead>\n",
              "  <tbody>\n",
              "    <tr>\n",
              "      <th>GRE</th>\n",
              "      <td>4.464249</td>\n",
              "      <td>-1.919309</td>\n",
              "      <td>-0.167441</td>\n",
              "      <td>0.115539</td>\n",
              "      <td>0.163716</td>\n",
              "      <td>-1.829666</td>\n",
              "      <td>-0.738214</td>\n",
              "    </tr>\n",
              "    <tr>\n",
              "      <th>TOEFL</th>\n",
              "      <td>-1.919309</td>\n",
              "      <td>3.904213</td>\n",
              "      <td>-0.280590</td>\n",
              "      <td>-0.320530</td>\n",
              "      <td>0.008925</td>\n",
              "      <td>-1.216918</td>\n",
              "      <td>0.115389</td>\n",
              "    </tr>\n",
              "    <tr>\n",
              "      <th>uni_rating</th>\n",
              "      <td>-0.167441</td>\n",
              "      <td>-0.280590</td>\n",
              "      <td>2.621036</td>\n",
              "      <td>-1.003439</td>\n",
              "      <td>-0.326820</td>\n",
              "      <td>-0.504916</td>\n",
              "      <td>-0.109544</td>\n",
              "    </tr>\n",
              "    <tr>\n",
              "      <th>SOP</th>\n",
              "      <td>0.115539</td>\n",
              "      <td>-0.320530</td>\n",
              "      <td>-1.003439</td>\n",
              "      <td>2.835210</td>\n",
              "      <td>-0.715324</td>\n",
              "      <td>-0.670228</td>\n",
              "      <td>-0.041512</td>\n",
              "    </tr>\n",
              "    <tr>\n",
              "      <th>LOR</th>\n",
              "      <td>0.163716</td>\n",
              "      <td>0.008925</td>\n",
              "      <td>-0.326820</td>\n",
              "      <td>-0.715324</td>\n",
              "      <td>2.033555</td>\n",
              "      <td>-0.650578</td>\n",
              "      <td>-0.096312</td>\n",
              "    </tr>\n",
              "    <tr>\n",
              "      <th>CGPA</th>\n",
              "      <td>-1.829666</td>\n",
              "      <td>-1.216918</td>\n",
              "      <td>-0.504916</td>\n",
              "      <td>-0.670228</td>\n",
              "      <td>-0.650578</td>\n",
              "      <td>4.777992</td>\n",
              "      <td>-0.064604</td>\n",
              "    </tr>\n",
              "    <tr>\n",
              "      <th>publications</th>\n",
              "      <td>-0.738214</td>\n",
              "      <td>0.115389</td>\n",
              "      <td>-0.109544</td>\n",
              "      <td>-0.041512</td>\n",
              "      <td>-0.096312</td>\n",
              "      <td>-0.064604</td>\n",
              "      <td>1.494008</td>\n",
              "    </tr>\n",
              "  </tbody>\n",
              "</table>\n",
              "</div>"
            ],
            "text/plain": [
              "                   GRE     TOEFL  uni_rating  ...       LOR      CGPA  publications\n",
              "GRE           4.464249 -1.919309   -0.167441  ...  0.163716 -1.829666     -0.738214\n",
              "TOEFL        -1.919309  3.904213   -0.280590  ...  0.008925 -1.216918      0.115389\n",
              "uni_rating   -0.167441 -0.280590    2.621036  ... -0.326820 -0.504916     -0.109544\n",
              "SOP           0.115539 -0.320530   -1.003439  ... -0.715324 -0.670228     -0.041512\n",
              "LOR           0.163716  0.008925   -0.326820  ...  2.033555 -0.650578     -0.096312\n",
              "CGPA         -1.829666 -1.216918   -0.504916  ... -0.650578  4.777992     -0.064604\n",
              "publications -0.738214  0.115389   -0.109544  ... -0.096312 -0.064604      1.494008\n",
              "\n",
              "[7 rows x 7 columns]"
            ]
          },
          "metadata": {
            "tags": []
          },
          "execution_count": 5
        }
      ]
    },
    {
      "cell_type": "markdown",
      "metadata": {
        "id": "jTBZHScKc5yh"
      },
      "source": [
        "Interpreting the table is straightforward: The VIF score for each variable is found alongside the downwards sloping diagonal. GRE has a score of 4.46, TOEFL has a score of 3.9, uni_rating a score of 2.62, etc.\n",
        "\n",
        "CGPA has a value nearing 5, let's see how the VIF scores improve if we remove it from our dataset"
      ]
    },
    {
      "cell_type": "code",
      "metadata": {
        "id": "8ODEkFCQaG94",
        "colab": {
          "base_uri": "https://localhost:8080/",
          "height": 235
        },
        "outputId": "dcdc072c-d476-4f7e-d855-04fb9da31edf"
      },
      "source": [
        "revised = independent_only.drop(columns=['CGPA'])\n",
        "\n",
        "correlations = revised.corr()\n",
        "pd.DataFrame(np.linalg.inv(correlations.values), index = correlations.index, columns=correlations.columns)\n",
        "\n"
      ],
      "execution_count": 3,
      "outputs": [
        {
          "output_type": "execute_result",
          "data": {
            "text/html": [
              "<div>\n",
              "<style scoped>\n",
              "    .dataframe tbody tr th:only-of-type {\n",
              "        vertical-align: middle;\n",
              "    }\n",
              "\n",
              "    .dataframe tbody tr th {\n",
              "        vertical-align: top;\n",
              "    }\n",
              "\n",
              "    .dataframe thead th {\n",
              "        text-align: right;\n",
              "    }\n",
              "</style>\n",
              "<table border=\"1\" class=\"dataframe\">\n",
              "  <thead>\n",
              "    <tr style=\"text-align: right;\">\n",
              "      <th></th>\n",
              "      <th>GRE</th>\n",
              "      <th>TOEFL</th>\n",
              "      <th>uni_rating</th>\n",
              "      <th>SOP</th>\n",
              "      <th>LOR</th>\n",
              "      <th>publications</th>\n",
              "    </tr>\n",
              "  </thead>\n",
              "  <tbody>\n",
              "    <tr>\n",
              "      <th>GRE</th>\n",
              "      <td>3.763604</td>\n",
              "      <td>-2.385311</td>\n",
              "      <td>-0.360792</td>\n",
              "      <td>-0.141115</td>\n",
              "      <td>-0.085414</td>\n",
              "      <td>-0.762953</td>\n",
              "    </tr>\n",
              "    <tr>\n",
              "      <th>TOEFL</th>\n",
              "      <td>-2.385311</td>\n",
              "      <td>3.594274</td>\n",
              "      <td>-0.409188</td>\n",
              "      <td>-0.491232</td>\n",
              "      <td>-0.156772</td>\n",
              "      <td>0.098934</td>\n",
              "    </tr>\n",
              "    <tr>\n",
              "      <th>uni_rating</th>\n",
              "      <td>-0.360792</td>\n",
              "      <td>-0.409188</td>\n",
              "      <td>2.567679</td>\n",
              "      <td>-1.074266</td>\n",
              "      <td>-0.395570</td>\n",
              "      <td>-0.116371</td>\n",
              "    </tr>\n",
              "    <tr>\n",
              "      <th>SOP</th>\n",
              "      <td>-0.141115</td>\n",
              "      <td>-0.491232</td>\n",
              "      <td>-1.074266</td>\n",
              "      <td>2.741195</td>\n",
              "      <td>-0.806583</td>\n",
              "      <td>-0.050574</td>\n",
              "    </tr>\n",
              "    <tr>\n",
              "      <th>LOR</th>\n",
              "      <td>-0.085414</td>\n",
              "      <td>-0.156772</td>\n",
              "      <td>-0.395570</td>\n",
              "      <td>-0.806583</td>\n",
              "      <td>1.944971</td>\n",
              "      <td>-0.105109</td>\n",
              "    </tr>\n",
              "    <tr>\n",
              "      <th>publications</th>\n",
              "      <td>-0.762953</td>\n",
              "      <td>0.098934</td>\n",
              "      <td>-0.116371</td>\n",
              "      <td>-0.050574</td>\n",
              "      <td>-0.105109</td>\n",
              "      <td>1.493134</td>\n",
              "    </tr>\n",
              "  </tbody>\n",
              "</table>\n",
              "</div>"
            ],
            "text/plain": [
              "                   GRE     TOEFL  uni_rating       SOP       LOR  publications\n",
              "GRE           3.763604 -2.385311   -0.360792 -0.141115 -0.085414     -0.762953\n",
              "TOEFL        -2.385311  3.594274   -0.409188 -0.491232 -0.156772      0.098934\n",
              "uni_rating   -0.360792 -0.409188    2.567679 -1.074266 -0.395570     -0.116371\n",
              "SOP          -0.141115 -0.491232   -1.074266  2.741195 -0.806583     -0.050574\n",
              "LOR          -0.085414 -0.156772   -0.395570 -0.806583  1.944971     -0.105109\n",
              "publications -0.762953  0.098934   -0.116371 -0.050574 -0.105109      1.493134"
            ]
          },
          "metadata": {},
          "execution_count": 3
        }
      ]
    },
    {
      "cell_type": "markdown",
      "metadata": {
        "id": "Z95zlmBidiF5"
      },
      "source": [
        "All scores dropped, but the GRE's in particular did quite a bit, indicating that GRE and CGPA were colinear. "
      ]
    },
    {
      "cell_type": "markdown",
      "metadata": {
        "id": "7DRwrZjZduD7"
      },
      "source": [
        "# Example 2: Residual plots and heteroskedasticity testing\n",
        "\n",
        "Let's start by creating a model based on our revised set of independent variables above, then displaying the residual plot for it."
      ]
    },
    {
      "cell_type": "code",
      "metadata": {
        "id": "IHQOLs1Nh2bx",
        "colab": {
          "base_uri": "https://localhost:8080/"
        },
        "outputId": "c4b8a086-2910-4da6-ca6b-d9e8fe63d167"
      },
      "source": [
        "from sklearn import metrics\n",
        "from sklearn.model_selection import train_test_split\n",
        "from sklearn.linear_model import LinearRegression\n",
        "\n",
        "X = revised.values\n",
        "y = data['admit_chance'].values\n",
        "\n",
        "X_train, X_test, admit_train, admit_test = train_test_split(X, y, test_size=0.2, random_state=0)\n",
        "\n",
        "regressor = LinearRegression()\n",
        "regressor.fit(X_train, admit_train)\n",
        "\n",
        "# This is our prediction for admission based on our model\n",
        "admit_predict = regressor.predict(X_test)\n",
        "\n",
        "# We now create the residual by substracting the test value from the predicted \n",
        "# value for each row in our dataset\n",
        "\n",
        "residuals = np.subtract(admit_predict, admit_test)\n",
        "\n",
        "# Let's describe our residual:\n",
        "pd.DataFrame(residuals).describe()\n",
        "\n",
        "residuals.mean()"
      ],
      "execution_count": 4,
      "outputs": [
        {
          "output_type": "execute_result",
          "data": {
            "text/plain": [
              "-0.0017516644688065042"
            ]
          },
          "metadata": {},
          "execution_count": 4
        }
      ]
    },
    {
      "cell_type": "markdown",
      "metadata": {
        "id": "wevY_SU-j7gH"
      },
      "source": [
        "Before we interpret the description above, let's recall what we are trying to predict: The percentage chance of admission to university. This means values between 0 and 1. \n",
        "\n",
        "Our min and max for the residual are fairly high: they suggest we've been up to 26% off target. It's important for us to plot this first: Is this a common occurence, or a few outliers?\n",
        "\n",
        "Our mean on the other hand is close to 0, indicating that we tend to be fairly correct, although slightly over estimating chances by, on average, 0.17%\n",
        "\n",
        "Let's show the residual plot"
      ]
    },
    {
      "cell_type": "code",
      "metadata": {
        "id": "sn8crVSAlPIw",
        "colab": {
          "base_uri": "https://localhost:8080/",
          "height": 283
        },
        "outputId": "d81c4196-3cf4-476d-c403-7cdeabdf975d"
      },
      "source": [
        "import matplotlib.pyplot as plt\n",
        "\n",
        "plt.scatter(admit_predict, residuals, color='black')\n",
        "plt.ylabel('residual')\n",
        "plt.xlabel('fitted values')\n",
        "plt.axhline(y= residuals.mean(), color='red', linewidth=1)\n",
        "plt.show()"
      ],
      "execution_count": null,
      "outputs": [
        {
          "output_type": "display_data",
          "data": {
            "image/png": "iVBORw0KGgoAAAANSUhEUgAAAY0AAAEKCAYAAADuEgmxAAAABHNCSVQICAgIfAhkiAAAAAlwSFlz\nAAALEgAACxIB0t1+/AAAADl0RVh0U29mdHdhcmUAbWF0cGxvdGxpYiB2ZXJzaW9uIDMuMC4zLCBo\ndHRwOi8vbWF0cGxvdGxpYi5vcmcvnQurowAAHrVJREFUeJzt3X2QbHV95/H3dwZuTN9ExPEuIcB0\no4Ell0SJd0IW3VUUTG6MBcRQBraxwDKZZJS4FTZEqLbcXWq7CjFb2VXYMhNjRKdXELeyuSEYgkY3\n0WDCXB6ugOFBMjNcxDgSNdbOKmHnu3/0mUvP3H74dfd57s+r6tR0nzl9zvecPn2+5/dwzjF3R0RE\nJMRU1gGIiEhxKGmIiEgwJQ0REQmmpCEiIsGUNEREJJiShoiIBMs0aZjZfjN7xMweN7Nruvz/183s\ny2Z2v5l9wcz2ZhGniIi0WVbXaZjZNPAo8AbgMHAPcKm7P9wxzQvd/Z+i1xcA73D3/VnEKyIi2ZY0\nzgYed/cn3P1Z4Bbgws4JthJGZDegKxFFRDJ0TIbLPgl4suP9YeBndk5kZu8ErgJ2Aa/vNiMzmwfm\nAXbv3r3vjDPOiD1YEZEyO3jw4Dfdfc+g6bJMGkHc/SbgJjP7t8B7gMu7TLMILALMzc358vJyukGK\niBScma2GTJdl9dRTwCkd70+OxvVyC3BRohGJiEhfWSaNe4DTzOxUM9sFXAIc6JzAzE7rePsLwGMp\nxiciIjtkVj3l7s+Z2ZXAncA08BF3f8jMrgOW3f0AcKWZnQ/8M/AtulRNiYhIejJt03D3O4A7dox7\nb8frf5d6UCIi0pOuCBcRkWBKGiIiEkxJQ0REgilpiIhIMCUNEREJpqQhIiLBlDRERCSYkoaIHNFq\ntajVakxNTVGr1Wi1WlmHJDmT+xsWikg6Wq0W8/PzbGxsALC6usr8/DwA9Xo9y9AkR1TSEBEAGo3G\nkYSxZWNjg0ajkVFEkkdKGiICwNra2lDjZTIpaYgIALOzs0ONl8mkpCEiADSbTSqVyrZxlUqFZrOZ\nUUSSR0oaIgK0G7sXFxepVquYGdVqlcXFRTWCyzbm7lnHECs97lVEZHhmdtDd5wZNp5KGiIgEU9KQ\n3NMFZyL5oYv7JNd0wZlIvqikIbmmC87Sp5Kd9KOShuSaLjhLl0p2MohKGpJruuAsXSrZySBKGpJr\nuuAsXSrZySBKGpJruuAsXSrZySBKGpJ79XqdlZUVNjc3WVlZUcJIkEp2MoiShogcoZKdDKLbiIiI\niG4jIiIi8VPSEBGRYEoaIiISTElDRESCKWmIiEgwJQ0REQmmpCEiIsEyTRpmtt/MHjGzx83smi7/\nv8rMHjazQ2b2WTOrZhGniIi0ZZY0zGwauAn4eWAvcKmZ7d0x2X3AnLu/HPgUcEO6UYqISKcsSxpn\nA4+7+xPu/ixwC3Bh5wTu/jl337pP85eAk1OOUUREOmSZNE4Cnux4fzga18vbgU93+4eZzZvZspkt\nr6+vxxiiiIh0KkRDuJldBswB7+/2f3dfdPc5d5/bs2dPusGJiEyQLB/3+hRwSsf7k6Nx25jZ+UAD\neK27fz+l2EREpIssSxr3AKeZ2almtgu4BDjQOYGZ/RTwe8AF7v6NDGIUEZEOmSUNd38OuBK4E/gK\n8El3f8jMrjOzC6LJ3g/8EHCbmd1vZgd6zE5ERFKQZfUU7n4HcMeOce/teH1+6kGJiEhPhWgIFxGR\nfFDSEBGRYEoaIiISTElDRESCKWmIiEgwJQ0REQmmpCEiIsGUNEREJJiShoiIBFPSEBGRYEoaIiIS\nTElDRESCKWmIiEgwJQ0REQmmpCEiIsGUNEREJJiShoiIBFPSEBGRYEoaIiISTElDRESCKWmIiEgw\nJQ0REQmmpCEiIsGUNEREJJiShiSi1WpRq9WYmpqiVqvRarWyDklEYnBM1gFI+bRaLebn59nY2ABg\ndXWV+fl5AOr1epahiciYVNKQ2DUajSMJY8vGxgaNRiOxZapkI5IOlTQkdmtra0ONH5dKNiLpUUlD\nYjc7OzvU+HH1KtlcdtllKnWIxExJQ2LXbDapVCrbxlUqFZrNZiLL61eC2Sp1KHGIxENJQ0bSrw2h\nXq+zuLhItVrFzKhWqywuLiZWVTSoBJN0e4rIRHH3Ug379u1zSdbS0pJXKhUHjgyVSsWXlpZyE8/O\nwcwyiS1uS0tLXq1W3cy8Wq1mts2lfIBlDzjGZnqAB/YDjwCPA9d0+f9rgHuB54CLQ+appJG8arXa\n9cBcrVYzi2nrYNoraWQZW1zylqyHpYSXb7lPGsA08FXgpcAu4AFg745pasDLgY8paeSHmeX2bL7o\nB9Z+8pisQ5X5eymL0KSRZZvG2cDj7v6Euz8L3AJc2DmBu6+4+yFgM4sApbs0ekeNet1F2u0paUq7\nK3Ocsrh2R5KRZdI4CXiy4/3haNzQzGzezJbNbHl9fT2W4KS3pHtHbV13sbq6irsP3QOqXq+zsrLC\n5uYmKysrpUgYkH5X5jgVOeHJdqXoPeXui+4+5+5ze/bsyTqc0kv6bD7PZ6VZXnmedlfmOBU54ckO\nIXVYSQzAOcCdHe+vBa7tMe1HUZvGxMhrm0ke6uWL2pich20n/VGAhvBjgCeAU3m+IfzMHtMqaUyQ\nvDb45jWuoihqwpsUoUnD2tNmw8zeCPxX2j2pPuLuTTO7Lgr+gJn9NPBHwPHA94Cvu/uZ/eY5Nzfn\ny8vLSYcuCdp5LyloV8Nk3aA9NTVFt9+LmbG5qb4aUmxmdtDd5wZNl2mbhrvf4e6nu/vL3L0ZjXuv\nux+IXt/j7ie7+253nxmUMORoRbz7a157QKlePt+KuK8XUkhxpEiDqqeep3rkeGl75pe+m/FRhOqp\nJKh66nm1Wo3V1dWjxlerVVZWVtIPqARarRaNRoO1tTVmZ2dpNpuZl4BE+3ocQqunlDRKTHXwMim0\nr48vNGn0fQiTmb2y3//d/d5hA5P0zM7Odj37Uh28lI329fQMenLff+nzPwdeH2MsErNms9m1F1IR\nLgYTGYb29fT0TRru/rq0ApH4bdW1qw5eyk77enqC2zTM7CeAvcALtsa5+8cSimtkRWjTUGOqiORN\nrNdpmNl/AD4YDa8DbgAuGCvCCTXuzfgkXer7L7Jd6MV9FwPn0b4i+23AK4DjEouqxPJ8M74iSeNg\nrgQvcrSg6ikz+1t3P9vMDtIuaXwX+Iq7n5F0gMPKe/WUugaOL63bjKjvv0ySuG8jsmxmLwJ+HzhI\n+xGsd48R38TSrSjGl1ZpLa1nQJS1Cqys6zXxQi4b7xyIHsE67OfSGvJ+GxHd7mB8ad06PY272pZ1\nfyjrepUZcd4aHXhNtyHks2kPeU8a7rpF9LjSukV5Gge+st5uvazrVWZxJ40/6RjuAr4D/EXIZ9Me\nipA0ZDxpnsUmneCTKDXFFfM488nrg7Skt1iTxlEfglOA/znKZ5MelDQmQ1lKa6Ockfdb97gS6rjz\nKXNJI+t9L6nlJ500DHh4lM8mPShpFEPWP7xxxXk2P8zBeWFh4aiz+M7p4zpYjzufsrZpZL1eSS4/\n7uqpDwIfiIYbgS8ASyGfTXtQ0si/rH9444o7/tAEtLS01LPaZ+tgHle1UBzzKfqJQTdZl6CSXH7c\nSePyjqEOvDrkc1kMcSaNMu70w0piG2T9wxtXVvH3Wm7nwTzrkkbZfzPjJtNxt0+SbUWJVk/leYgr\naRT9bDgOSW2DojeSZhV/r+V2HsyzbNOYhN/MOEk5ju2T+5IG8GXgUK8hZAFpD3EljaKfDcchqW1Q\n9G2bt5KGmR3VGJ5F76kktsvCwoJPT0874NPT076wsDDyvOIwzoE/ju2T+zYNoBoNN0TDT0bD+4Dr\nQxaQ9hBX0ij62XAcktoGRT8jzSr+bss1s8wPpFvi3l8WFha6zi/r9R01Kce1fQrRewq4r8u4e0M+\nm/agkkZ8ktwGRaz77ox5ZmbGZ2ZmUo8/z9st7v1lq4Sxc5ieno438JTk/ZgSd9K4n47Gb+BVwP0h\nn017UJtGfLQNnqdtMVjc26jbAXZrKKK870NxJ419wAPACrAaJZFXhnw27UG9p+KlbdCW97PEftL8\nDuNcVtlKGu75/j3FmjSOTNx+hsZxw3wm7UHXaWyXt500b/GEKmobV97PbvvJa5tGWcWSNIDLor9X\ndRtCFpD2oKTxvLwdMPIWzzCKWtIoatxb8tZ7qsxCk0bfhzCZ2a+5++9Fj3s9irv/p54fzkjeH8KU\nprw9RChv8QwjrQc/xU0P/ZJQoQ9hCnpyX5EoaTwvbweMvMUzrFarRaPRYG1tjdnZWZrNZq4TBhQ7\nUUu6Yn1yn5ndYGYvNLNjzeyzZrZuZpeNH6YkKW9PCcxbPMOq1+usrKywubnJyspK7hMGQLPZpFKp\nbBtXqVRoNpsZRSRFF/q41591938C3kS7B9WPAVcnFZTEI28HjLzFMwnq9TqLi4tUq1XMjGq1mvsq\nNcm5kIYP4MHo74eB/dHrB0I+m/aghvDt8tZbKal48raeIkVDzNdpXA/8HXAfcCywB/ibkM+mPShp\nTJ4i98qSchnm5CVvJzqxJo32/HgxMB293g38SOhn0xyUNCZP0buVSv6MckAf5uQljyc6cZc0KsB7\ngMXo/WnAm0I+O2C++4FHgMeBa7r8/weAW6P//w1QGzRPJY3Jk+aFd3k7O5T4jXpAH+bkJY8nOnEn\njVuB3+5o26gw5r2ngGngq8BLgV20b1Oyd8c07wA+FL2+BLh10HyVNCZPWj/APJ4dZqHsiXPU/WmY\nk5c83mEg7qSxHP29r2PcWA3hwDnAnR3vrwWu3THNncA50etjgG8SXVvSa1DSmDxpHczzeHaYtklI\nnKMe0CelpBHa5fZZM/vBaMUws5cB3w/8bC8nAU92vD8cjes6jbs/B3wHmNk5IzObN7NlM1teX18f\nMyxJQ6vVolarMTU1Ra1Wo9VqjTyvtLqVrq2tDTW+jBqNxrar4gE2NjZoNBoZRRS/Ua8nGqZLeZG7\nnw+8ItzMDHgr8HZgL/DnwKuBK9z98yMv2Oxi2t13fyV6/1bgZ9z9yo5pHoymORy9/2o0zTd7zXfO\nzHU9uIjIcAziuSI8KrZcDbwZuAL4BDA3TsKIPAWc0vH+5Ghc12nM7Bjad9l9pu9c9+2Ddr2bhpwO\ntWoVg6OGWrWaeWz9htbSErsrlW0x765UaC0tJbrcdywsMGWW+nKT/u5aS0vUqlWmzKhVq5msTxFj\nS2wIFVKHBdwM/HTItKED7TaKJ4BTeb4h/Mwd07yT7Q3hnxw0X7Vp5F8eGwFDpd0IvLS01HN7ZVH/\nHVebRhzzKWuDfFbrRcwN4X8HPEe7t9Mh4MvAoZDPDpjvG4FHo/k2onHXARdEr18A3Ea7y+3fAi8d\nNE8lje7y9APLYyNg0kbd/r22VUiSHXWZgz4Xx7407j5Q1gb5LNcr7qRR7TaEfDbtQUnjaHn7geUt\nnqSNs769ShmDDrCjLjOt76bfeoUsq6wnHlmuV6xJo0iDksbR8vgDS6vkk4cS1jjbv9dnzazvuoy6\nzLT2lX4lqJAkVeQqzn6yXC8lDTkirz+wpA/oeSnRjLP9u62DmQ18gt2oy0xrX+m2XnlMbnEJ3ddV\n0lDSyIV+O2JWZ+JpHNDjqDePY9tkEUfeSxru7fXqlTRC2mvycEIQoij3pFLSkCN67YgLCwup76Bb\nB8BRzzCHEfcZ/ta2GfYgnsWBIO9tGlvGSVJ5qHoMMew6lqL3VJGGrJLGqHfFTGvn6LastIvCg6ok\ntoa4tkMSbQkzMzMjH4zTPhAk1XsqTgsLC12386DqtyLJa/XwTkoaKRrl7CwPxeu0d+Z+JYwktkNS\nvZbSTLRlF5rYi1Kq6KYo7S9KGikaZafIw46UdgzDHIjjiiGJ6yOKcNZYFCEnLt2S/65du3xmZqYQ\nSSQPJ4ghlDRSNMoZex6KrHmpv856O3TTa9vMzMxknuzLJOTEJWS/yeNBuFMRSkpKGikqaknDPf12\nlW7dR/OwHXrFu3PbFOWssShCtmdoCTUP+0yRKWmkKOk2jSKcpYTauS5Z9OAaRWfcMzMzhakaKYJB\n+3doCTXr0mnRKWmkLKneU5NwZpv3pNivy3Ke4y6LhYWFoNKGShrjUdIoibxUY02yXt/BzgNZWte4\n7ExSeU+64+jVTXtqaio4iZd5+8RJSaMk8tBg3ktZf4w71yu08T7JZN6rtHPeeeelnrzS1Gv7z8zM\nBFVzFqX6Mw+UNEoiryWNPFXZxJm8hmmsTzOZ5yV5xSX0Ows9aeq1faanpwu5fbKgpJGiJM+4l5aW\nfNeuXdt2+F27dmV+ppSnKps4zyRD1yvtXl/DXmyYh5JoL8N8Z6EnTWXaPllR0khJ0g3VS0tLfuyx\nx26b/7HHHpt50kjiQr00b8w3ynpl2eurTCWNYb6z0N+XShrjU9JIybgHrVG7Gyax0w9z0B7mIDbu\nDQL7ibvNZ9D2zqrr7TDVZoOetTHKsuMsSQ/7nYUsv1sPK7VpDEdJIyVJ3Uk1jvkPY9iDdtwX6o2a\nHONOqv22Q9bdn0OucQl51sawy4x7ndP4zjq3Q1k7bMRNSSMl4/wAQj6bVkljlOXEeaHeqMkxiYNa\nr4NMmqW+cWONSxLrnFY7lKqghqOkkZIk7qQ66GZtaT6zedgSTdw3CAz54ad1Jpnn7s9JSWqd4/zO\nJvF7SYKSRoqSPlCmUY+e9dlaFlU/w35vWW+jLBRhnYsQYxEoaRRAHO0IeXj2RFzSrHseZX17NbaW\nuY48D/vFIEWIsQiUNAoijh5LcZ1RTVKD4bDbclBja5kVYb8oQox5F5o0rD1teczNzfny8nLWYSRi\namqKbt+XmbG5uZlBRMU17Las1Wqsrq4eNb5arbKyspJEiCKpMrOD7j43aLqpNIKReMzOzg41Xnob\ndluura0NNV6krJQ0CqTZbFKpVLaNq1QqNJvNjCIqrmG3pRK2SJuSRoHU63UWFxepVquYGdVqlcXF\nRer1etahFc6w23LYJNNqtajVakxNTVGr1Wi1WrGvg0gmQho+ijQUrSFciiO0sVW9eaSIUEO4SDbU\naC5FpIZwicUo1SyTXjWjRnMps2OyDkDyq9VqMT8/z8bGBgCrq6vMz88D9Kz7H+UzZTM7O9u1pKFG\ncykDlTSkp0ajceTgv2VjY4NGozH2Z8pcGlEvNym1kIaPuAfgxcBdwGPR3+N7TPdnwLeB20PnrYbw\n+IxyI7g83YQxS7pCWYqGPDeEm9kNwD+6+/Vmdg3tpPHuLtOdB1SAX3P3N4XMWw3h8RmlQTfkM2oo\nFsmfvDeEXwjcHL2+Gbio20Tu/lngu2kFJduNUs0S8hk1FIsUV1ZJ4wR3fzp6/XXghHFmZmbzZrZs\nZsvr6+vjR5cjWdX9t1qtI+0T09PTAEEXE4ZcNKerq0UKLKQOa5QB+AzwYJfhQuDbO6b9Vp/5nMuE\ntmlkVfef9HInoU1DpGjI863RgUeAE6PXJwKP9Jl2YpNGVg+XSWO5aigWyZfQpJFVQ/j7gWf8+Ybw\nF7v7b/eY9lzgt3wCG8KzuhW6bsEuMnny3hB+PfAGM3sMOD96j5nNmdmHtyYys78CbgPOM7PDZvZz\nmUSbkazq/tNYbpmv0xAptZDiSJGGMlVPqU1DRNJCnts0khzKlDTcs6v7T3K5WbXViEhvoUlDd7mV\n1KnNRCR/8t6mIRNM12mIFJeShqRON/QTKS4lDUmdHlsrUlxKGhK7kO609XqdlZUVNjc3WVlZUcIQ\nKQg9hElipYcwiZSbShoSq1Ee3CQixaGkIbHSbc9Fyk1JQ2Kl7rQi5aakIbFSd1qRclPSkFipO61I\nuek2IiIiotuIiIhI/JQ0REQkmJKGiIgEU9IQEZFgShoiIhJMSUNERIIpaYiISDAlDRERCaakISIi\nwZQ0REQkmJKGiIgEU9IQEZFgShoiIhJMSUNERIIpaaSs1WpRq9WYmpqiVqvRarWyDklEJNgxWQcw\nSVqtFvPz82xsbACwurrK/Pw8gB5SJCKFoJJGihqNxpGEsWVjY4NGo5FRRCIiw1HSSNHa2tpQ40VE\n8kZJI0Wzs7NDjRcRyRsljRQ1m00qlcq2cZVKhWazmVFEIiLDySRpmNmLzewuM3ss+nt8l2nOMrO7\nzewhMztkZr+cRaxxqtfrLC4uUq1WMTOq1SqLi4tqBBeRwjB3T3+hZjcA/+ju15vZNcDx7v7uHdOc\nDri7P2ZmPwocBH7c3b/db95zc3O+vLycWOwiImVkZgfdfW7QdFlVT10I3By9vhm4aOcE7v6ouz8W\nvf4a8A1gT2oRiojIUbJKGie4+9PR668DJ/Sb2MzOBnYBX+3x/3kzWzaz5fX19XgjFRGRIxK7uM/M\nPgP8SJd/bbsowd3dzHrWkZnZicDHgcvdfbPbNO6+CCxCu3pq5KBFRKSvxJKGu5/f639m9g9mdqK7\nPx0lhW/0mO6FwJ8CDXf/UkKhiohIoKyqpw4Al0evLwf+eOcEZrYL+CPgY+7+qRRjExGRHrJKGtcD\nbzCzx4Dzo/eY2ZyZfTia5i3Aa4ArzOz+aDgrm3BFRAQy6nKbJHW5FREZXt673IqISAEpaYiISDAl\nDRERCaakISIiwUrXEG5m68Bq1nH08RLgm1kHkSKtb7lpfcuj6u4Db9VUuqSRd2a2HNJDoSy0vuWm\n9Z08qp4SEZFgShoiIhJMSSN9i1kHkDKtb7lpfSeM2jRERCSYShoiIhJMSUNERIIpaSTAzPab2SNm\n9nj0DPSd/7/CzNY77t77K1nEGadB6xxN8xYze9jMHjKz/5F2jHEK+I5/t+P7fdTM+j7bPu8C1nfW\nzD5nZveZ2SEze2MWccYlYH2rZvbZaF0/b2YnZxFnJtxdQ4wDME37sbQvpf2I2geAvTumuQK4MetY\nU17n04D7gOOj9/8i67iTXN8d0/8G8JGs4074+10EFqLXe4GVrONOeH1vo/00UYDXAx/POu60BpU0\n4nc28Li7P+HuzwK3ABdmHFPSQtb5V4Gb3P1bAO7e9WmNBTHsd3wp8IlUIktGyPo68MLo9XHA11KM\nL24h67sX+Ivo9ee6/L+0lDTidxLwZMf7w9G4nX4pKtp+ysxOSSe0xISs8+nA6Wb2RTP7kpntTy26\n+IV+x5hZFTiV5w8wRRSyvv8RuMzMDgN30C5dFVXI+j4AvDl6/YvAD5vZTAqxZU5JIxt/AtTc/eXA\nXcDNGceThmNoV1GdS/vM+/fN7EWZRpSOS4BPufv/yzqQhF0KfNTdTwbeCHzczMp8fPkt4LVmdh/w\nWuApoOzfMaCkkYSngM6Sw8nRuCPc/Rl3/3709sPAvpRiS8rAdaZ9tnbA3f/Z3f8eeJR2EimikPXd\ncgnFrpqCsPV9O/BJAHe/G3gB7Zv7FVHIb/hr7v5md/8poBGNK3Rnh1BKGvG7BzjNzE41s120DxoH\nOicwsxM73l4AfCXF+JIwcJ2B/0W7lIGZvYR2ddUTaQYZo5D1xczOAI4H7k45vriFrO8acB6Amf04\n7aSxnmqU8Qn5Db+koyR1LfCRlGPMjJJGzNz9OeBK4E7ayeCT7v6QmV1nZhdEk70r6nb6APAu2r2p\nCitwne8EnjGzh2k3HF7t7s9kE/F4AtcX2gebWzzqYlNUgev774FfjfbpTwBXFHW9A9f3XOARM3sU\nOAFoZhJsBnQbERERCaaShoiIBFPSEBGRYEoaIiISTElDRESCKWmIiEgwJQ2ZSGb2LjP7ipm1zOyC\nrTuZmtlFZra3Y7orzOxHh5x3zcwejCHGWOYjEqdjsg5AJCPvAM5398PR+62Lty4Cbgcejt5fATxI\nsW/AJxIblTRk4pjZh2jf9vrTZvabUWniRjN7Fe0r9N8fPQfj3cAc0Ire/6CZ7TOz/21mB83szq2r\n+6PxD0QXt72zx3JvMbNf6Hj/UTO7OCpR/JWZ3RsNr+ry2SvM7MaO97eb2bnR6581s7ujz95mZj8U\njb8+en7JITP7nbi2n0w2JQ2ZOO7+67RLDq9z99/tGP/XtEscV7v7We7+PmAZqLv7WcBzwAeBi919\nH+1bR2xdCfyHwG+4+yv6LPpW4C0A0e0pzgP+FPgG8AZ3fyXwy8AHQtcluiXLe2iXml4ZxXtVdMfV\nXwTOjG6M+Z9D5ynSj6qnRML9S+AngLvMDNoP63k6ulvvi9z9L6PpPg78fJfPfxr4b2b2A8B+4C/d\n/f+a2XHAjWZ2Fu07pZ4+REz/ivazHb4YxbSL9r2uvgN8D/gDM7uddpWbyNiUNETCGfCQu5+zbWTg\nLd7d/Xtm9nng52iXKG6J/vWbwD8Ar6Bd+v9el48/x/aagRd0xHSXu196VLBmZ9MuzVxM+15Krw+J\nU6QfVU+JbPdd4Id7vH8E2GNm5wCY2bFmdmZ0S+xvm9m/jqar95n/rcDbgH8D/Fk07jjgaXffBN5K\nuwSz0wpwlplNRQ/tOjsa/yXg1Wb2Y1FMu83s9Khd4zh3v4N2UupXbSYSTElDZLtbgKvN7D4zexnw\nUeBDZnY/7YP5xcD7ogbv+4GtRuu3ATdF01mf+f857Yf2fCZ6lCjAfwcuj+Z5BvB/unzui8Df0+7V\n9QHgXgB3X6fdw+sTZnaIdtXUGbQT3e3RuC8AVw25HUS60l1uRUQkmEoaIiISTElDRESCKWmIiEgw\nJQ0REQmmpCEiIsGUNEREJJiShoiIBPv/HLFGWxev5gwAAAAASUVORK5CYII=\n",
            "text/plain": [
              "<Figure size 432x288 with 1 Axes>"
            ]
          },
          "metadata": {
            "tags": []
          }
        }
      ]
    },
    {
      "cell_type": "markdown",
      "metadata": {
        "id": "oIT6DpvlmqaD"
      },
      "source": [
        "This does not look too bad: our residuals are centered around a mean that is very close to 0, and there are no glaringly obvious patterns. Let's be thorough though, and perform a heteroskedasticity test.\n",
        "\n",
        "For this we will use [bartlett's test](https://www.itl.nist.gov/div898/handbook/eda/section3/eda357.htm). The test establishes as a null hypothesis that the variance is equal for all our datapoints,and the new hypothesis that the variance is different for at least one pair of datapoints.\n"
      ]
    },
    {
      "cell_type": "code",
      "metadata": {
        "id": "LlvHQ6Ivm5j5",
        "colab": {
          "base_uri": "https://localhost:8080/"
        },
        "outputId": "7830e53a-a984-489e-ecd9-f277e72dd976"
      },
      "source": [
        "import scipy as sp\n",
        "\n",
        "test_result, p_value = sp.stats.bartlett(admit_predict, residuals)\n",
        "\n",
        "# To interpret the results we must also compute a critical value of the chi squared distribution\n",
        "degree_of_freedom = len(admit_predict)-1\n",
        "probability = 1 - p_value\n",
        "\n",
        "critical_value = sp.stats.chi2.ppf(probability, degree_of_freedom)\n",
        "print(critical_value)\n",
        "\n",
        "# If the test_result is greater than the critical value, then we reject our null\n",
        "# hypothesis. This would mean that there are patterns to the variance of the data\n",
        "\n",
        "# Otherwise, we can identify no patterns, and we accept the null hypothesis that \n",
        "# the variance is homogeneous across our data\n",
        "\n",
        "if (test_result > critical_value):\n",
        "  print('the variances are unequal, and the model should be reassessed')\n",
        "else:\n",
        "  print('the variances are homogeneous!')\n",
        "\n"
      ],
      "execution_count": 6,
      "outputs": [
        {
          "output_type": "stream",
          "name": "stdout",
          "text": [
            "185.4720823514965\n",
            "the variances are homogeneous!\n"
          ]
        }
      ]
    },
    {
      "cell_type": "markdown",
      "metadata": {
        "id": "W27Z9P7Jx1yK"
      },
      "source": [
        "# Challenge\n",
        "\n",
        "We will bring this all together by adapting a challenge from data.world. In the code section below you have access to a large dataset with demographic and medical data for cancer occurances in regions in the US. Your aim is to build a model that predicts the **target_deathrate** variable. You can find descriptions of all the columns [here](https://data.world/exercises/linear-regression-exercise-1)\n",
        "\n",
        "This is a holistic challenge:\n",
        "\n",
        "\n",
        "*   Make sure to clean up your data first, there are some missing elements.\n",
        "*   Some data should be changed: Add a **state** column which indicates the state a person lives in(you can modify the geography column). Perform a multicollinearity test: Should **state** be included in your model or not?\n",
        "* If it should be, make sure to transform it since we want to be dealing with numerical data.\n",
        "* Build a model, then display the residual plot for it. Perform a Bartlett test to determine if your model is acceptable or not.\n",
        "\n",
        "\n",
        "\n"
      ]
    },
    {
      "cell_type": "code",
      "metadata": {
        "id": "X7yaWsK3JCAC"
      },
      "source": [
        "#making a list of missing values types besides the standard missing value recognized by panadas\n",
        "missing_values = [\"n/a\", \"na\", \"--\", \" \"]"
      ],
      "execution_count": 16,
      "outputs": []
    },
    {
      "cell_type": "code",
      "metadata": {
        "id": "jPivvZE_zCzY"
      },
      "source": [
        "# Your code goes here!\n",
        "df = pd.read_csv('https://query.data.world/s/4n3rdrpeu6qrfo63yacah7v3ofoaag',na_values = missing_values)"
      ],
      "execution_count": 17,
      "outputs": []
    },
    {
      "cell_type": "code",
      "metadata": {
        "colab": {
          "base_uri": "https://localhost:8080/",
          "height": 394
        },
        "id": "Zdj_jB4iFvy3",
        "outputId": "928cd5e1-d95f-45ea-e5c7-49c6c63392b8"
      },
      "source": [
        "df.head()"
      ],
      "execution_count": 18,
      "outputs": [
        {
          "output_type": "execute_result",
          "data": {
            "text/html": [
              "<div>\n",
              "<style scoped>\n",
              "    .dataframe tbody tr th:only-of-type {\n",
              "        vertical-align: middle;\n",
              "    }\n",
              "\n",
              "    .dataframe tbody tr th {\n",
              "        vertical-align: top;\n",
              "    }\n",
              "\n",
              "    .dataframe thead th {\n",
              "        text-align: right;\n",
              "    }\n",
              "</style>\n",
